position,fen,rubichess_move,rubichess_eval,rubichess_nodes,rubichess_time,rubichess_success,stockfish_move,stockfish_eval,stockfish_nodes,stockfish_time,stockfish_success
1,r1bqkb1r/pppp1ppp/2n2n2/4p3/2B1P3/3P1N2/PPP2PPP/RNBQK2R w KQkq - 0 4,f3g5,95,140917,0.09091734886169434,True,f3g5,62,145806,0.1993114948272705,True
2,r1bq1b1r/pppp1kpp/2n2n2/4p3/4P3/3P1N2/PPP2PPP/RNBQK2R w KQ - 0 5,d3d4,-379,250693,0.14099836349487305,True,b1c3,-372,63676,0.07790207862854004,True
3,r1bq1b1r/pppp1kpp/2n2n2/4N3/4P3/3P4/PPP2PPP/RNBQK2R b KQ - 0 5,c6e5,478,167644,0.09618568420410156,True,c6e5,413,47165,0.0386199951171875,True
4,r1bqkb1r/pppp1ppp/2n2n2/1B2p3/4P3/3P1N2/PPP2PPP/RNBQK2R b KQkq - 1 4,d7d6,-24,271242,0.16608047485351562,True,d7d6,-29,165594,0.19326210021972656,True
5,r1bqkb1r/pppp1Npp/2n5/8/2B1n3/3P4/PPP2PPP/RNBQK2R b KQkq - 0 5,e4f2,-416,1405440,0.8519330024719238,True,e4f2,-304,26740,0.03572893142700195,True
6,r1bqkb1r/pppp1p1p/2n2n2/4N1p1/2B1P3/3P4/PPP2PPP/RNBQK2R w KQkq - 0 5,c4f7,496,512970,0.3474090099334717,True,c4f7,429,19640,0.031085968017578125,True
7,r1bq1rk1/ppp2ppp/2n2n2/2bpp3/2B1P3/3P1N2/PPP2PPP/RNBQ1RK1 w - - 0 6,e4d5,5,321121,0.20612597465515137,True,e4d5,3,81057,0.10521602630615234,True
8,r1bq1rk1/ppp2ppp/2n5/2bnp3/2B4N/3P4/PPP2PPP/RNBQ1RK1 b - - 1 7,d5b6,215,64785,0.04691624641418457,True,d5b6,175,55345,0.07139277458190918,True
9,r1bq1rk1/ppp2ppp/5n2/2bBp3/3nP3/3P4/PPP2PPP/RNBQ1RK1 b - - 0 7,f6d5,624,242399,0.12610507011413574,True,c8g4,611,21100,0.01937103271484375,True
10,r1b2rk1/ppp2ppp/2n2n2/2bqp3/2B5/2PP1N2/PP3PPP/RNBQ1RK1 b - - 0 7,d5d6,-12,126085,0.0999758243560791,True,d5d8,-14,141986,0.15221452713012695,True
11,r1bq1rk1/ppp2ppp/2n2n2/3pp3/2B1P3/2NP1N2/PPP2KPP/R1BQ1R2 b - - 0 7,d5c4,76,309993,0.2293839454650879,True,d5c4,100,84451,0.11821603775024414,True
12,r1bq1rk1/ppp2ppp/2n2n2/3Bp3/4P3/3P1N2/PPP2RPP/RNBQ2K1 b - - 0 7,f6d5,-438,257492,0.1498875617980957,True,f6d5,-397,125388,0.16118931770324707,True
13,r1b2rk1/ppp2ppp/2n2n2/2bPp3/8/3P1N2/PPP2PPP/RNBQ1RK1 b - - 0 7,c6d4,-378,616690,0.3420145511627197,True,c6d4,-520,32497,0.025446414947509766,True
14,r1bq1rk1/ppp2ppp/2n2n2/2bPp3/2B5/3P1N2/PPP2PPP/RNBQ1RK1 b - - 0 6,f6d5,6,466974,0.3436868190765381,True,f6d5,1,150440,0.19973969459533691,True
15,r1bq1rk1/ppp2ppp/2n2n2/2bpN3/2B1P3/3P4/PPP2PPP/RNBQ1RK1 b - - 0 6,c6e5,487,341298,0.18319392204284668,True,c6e5,485,16868,0.026784658432006836,True
16,r3k2r/ppp2ppp/2n1bn2/2bpp1q1/2B1P3/3P1N2/PPP2PPP/RNBQ1RK1 w kq - 0 8,f3g5,519,1119866,0.6001110076904297,True,c1g5,565,25963,0.0230252742767334,True
17,r3k2r/ppp2ppp/2n1bn2/2bpp3/2B1PB2/3P1N2/PPP2PKP/RN1Q1R2 b kq - 0 9,e8c8,-428,1203620,0.6919782161712646,True,d5c4,-396,30197,0.023021936416625977,True
18,r3k2r/ppp2ppp/2n1bn2/2bBp1q1/4P3/3P1N2/PPP2PPP/RNBQ1RK1 b kq - 0 8,g5h5,-181,245773,0.17604470252990723,True,g5h5,-171,44833,0.060892343521118164,True
19,2r1k2r/ppp2ppp/2n1bn2/1Bbpp1q1/4P3/3P1N2/PPP2PPP/RNBQ1RK1 w k - 2 9,c1g5,557,959181,0.5001626014709473,True,f3g5,722,27413,0.021081924438476562,True
20,r3k2r/ppp2ppp/2n1b3/2bpp1N1/2B1P1n1/3P4/PPP2PPP/RNBQ1RK1 w kq - 1 9,e4d5,791,999634,0.507742166519165,True,e4d5,744,100802,0.06723833084106445,True
21,r3k2r/ppp2ppp/2n1bn2/2bPp1q1/2B5/3P1N2/PPP2PPP/RNBQ1RK1 b kq - 0 8,g5g2,-505,1473994,0.8011257648468018,True,g5h5,-384,44803,0.047753334045410156,True
22,r3k2r/ppp2ppp/2n1bn2/2bpp1q1/2BPP3/5N2/PPP2PPP/RNBQ1RK1 b kq - 0 8,g5g6,-249,187739,0.11529421806335449,True,g5g6,-206,199524,0.20278263092041016,True
23,r3k2r/ppp2pp1/2n1bn1p/2bBN1q1/4P3/3P4/PPP2PPP/RNBQ1RK1 b kq - 0 9,g5e5,250,217475,0.15009665489196777,True,g5e5,297,129127,0.15806221961975098,True
24,r3k2r/ppp2ppp/2n1bn2/2b1p1q1/2B1p3/3P1N2/PPP2PPP/RNB1QRK1 w kq - 0 9,f3g5,499,630282,0.33252859115600586,True,f3g5,524,45672,0.031404733657836914,True
25,r1bqk2r/pppp1ppp/2n2n2/2b1p3/2B1P3/3P1N2/PPP2PPP/RNBQK2R w KQkq - 0 5,c2c3,18,160355,0.13498520851135254,True,e1g1,16,109347,0.10792779922485352,True
26,r1bqk2r/pppp1ppp/2n2n2/2b1N3/2B1P3/3P4/PPP2PPP/RNBQK2R b KQkq - 0 5,c6e5,318,168292,0.10028910636901855,True,c6e5,304,109157,0.13116860389709473,True
27,r1bqk2r/pppp1ppp/2n5/2b1N2n/2B1P3/3P4/PPP2PPP/RNBQK2R w KQkq - 1 6,c4f7,552,467221,0.25827860832214355,True,d1h5,515,24967,0.033739566802978516,True
28,r1bq3r/ppppkBpp/2n2n2/2b1p3/4P3/3P1N2/PPP2PPP/RNBQK2R w KQ - 1 6,f7b3,202,175603,0.1353461742401123,True,f7b3,207,79421,0.1061255931854248,True
29,r1bqk2r/pppp1ppp/2n2n2/4N3/1bB1P3/3P4/PPPB1PPP/RN1QK2R b KQkq - 2 6,b4d2,314,366039,0.19834566116333008,True,b4d2,309,75485,0.09894847869873047,True
30,r1bqk2r/pppp1ppp/2N5/2b4n/2B1P3/3P4/PPP2PPP/RNBQK2R b KQkq - 0 6,d8h4,-455,298735,0.16593122482299805,True,d8h4,-466,196224,0.1709296703338623,True
31,r1bqk2r/pppp1ppp/2n5/2b1p3/2B1P1n1/3P1N2/PPP2P1P/RNBQK2R w KQkq - 0 6,h1f1,-178,395095,0.276339054107666,True,h1f1,-160,107355,0.1438605785369873,True
32,r1bqk2r/pppp1ppp/2n2n2/4p3/2B1P2P/3PbN2/PPP2PP1/RN1QK2R b KQkq - 0 6,e3b6,648,846283,0.4615168571472168,True,e3b6,495,54427,0.06695675849914551,True
33,r1bqk2r/pppp1ppp/2n2n2/4N3/2B1P3/3P4/PPPK1bPP/RNBQ3R b kq - 1 6,c6e5,625,326082,0.19993257522583008,True,c6e5,607,23733,0.030439376831054688,True
34,r2qkb1r/ppp2ppp/2n2n2/3pp3/2B1P1b1/3P1N2/PPP2PPP/RNBQK2R w KQkq - 0 6,e4d5,-20,326260,0.22198057174682617,True,e4d5,-33,184834,0.23279166221618652,True
35,r2qk2r/ppp2ppp/2n2n2/3Pp3/1bB3b1/3P1N2/PPP2PPP/RNBQK2R w KQkq - 1 7,c2c3,260,157988,0.09692502021789551,True,c2c3,229,64929,0.0668027400970459,True
36,r2qkb1r/ppp2ppp/2n2n2/3pp3/2BNP1b1/3P4/PPP2PPP/RNBQK2R b KQkq - 1 6,c6d4,587,284656,0.14336585998535156,True,c6d4,612,208694,0.20802688598632812,True
37,r2qkb1r/ppp2ppp/2n2n2/3pN3/2B1P1b1/3P4/PPP2PPP/RNBQK2R b KQkq - 0 6,c6e5,567,1632628,0.9166533946990967,True,c6e5,542,52037,0.050000667572021484,True
38,r2qk2r/ppp2ppp/2n2n2/3Bp3/4P1b1/b2P1N2/PPP2PPP/R1BQK2R b KQkq - 0 7,f6d5,512,342324,0.1918017864227295,True,f6d5,484,28744,0.052077293395996094,True
39,r2qkb1r/ppp2ppp/2n5/3pN3/2B1n1b1/3P4/PPP2PPP/RNBQK2R w KQkq - 0 7,e5g4,357,223061,0.1532750129699707,True,e5g4,338,55163,0.07472729682922363,True
40,r2qkb1r/ppp2ppp/2n2n2/3Bp3/4P1b1/3P1N2/PPP2PPP/RNBQK2R b KQkq - 0 6,f6d5,176,73557,0.049963951110839844,True,f6d5,190,35049,0.04190254211425781,True
41,rn1qkb1r/ppp2ppp/5n2/3PN3/2B3b1/3P4/PPP2PPP/RNBQK2R b KQkq - 0 7,g4d1,400,1350648,0.7809875011444092,True,g4d1,444,22406,0.01726818084716797,True
42,r2qkb1r/ppp2ppp/2n2n2/8/2N1P1b1/3P4/PPP2PPP/RNBQK2R b KQkq - 0 7,g4d1,611,858436,0.45821070671081543,True,g4d1,731,16062,0.012798547744750977,True
43,r2qkb1r/ppp2ppp/2n2n2/4N3/2B1p1b1/3P2P1/PPP2P1P/RNBQK2R b KQkq - 0 7,c6e5,639,839076,0.4475705623626709,True,c6e5,722,14845,0.012493371963500977,True
44,r1bqkb1r/pppp1p1p/2n2np1/4p3/2B1P3/3P1N2/PPP2PPP/RNBQK2R w KQkq - 0 5,f3g5,143,87193,0.055757761001586914,True,f3g5,144,52811,0.0706794261932373,True
45,r1bqkb1r/pppp1p1p/2n2np1/4N3/2B1P3/3P4/PPP2PPP/RNBQK2R b KQkq - 0 5,c6e5,276,228172,0.1604928970336914,True,c6e5,324,78125,0.10012269020080566,True
46,r1bqkb1r/pppp1p1p/2n3p1/4p3/2B1n3/3P1N2/PPPB1PPP/RN1QK2R w KQkq - 0 6,d3e4,473,237456,0.16177940368652344,True,d3e4,474,50743,0.06641674041748047,True
47,1rbqkb1r/pppp1p1p/2n2np1/4N3/2B1P3/3P4/PPP2PPP/RNBQK2R w KQk - 1 6,e5f7,463,362092,0.1998119354248047,True,e5f7,410,39691,0.033631324768066406,True
48,r1bq1b1r/pppp1k1p/2n2np1/4N3/4P3/3P4/PPP2PPP/RNBQK2R b KQ - 0 6,c6e5,465,223433,0.13945984840393066,True,c6e5,405,56031,0.054436445236206055,True
49,r1bqkb1r/pppp1p1p/2n3p1/4p3/2B1n3/2NP1N2/PPP2PPP/R1BQK2R w KQkq - 0 6,d3e4,483,259513,0.1575946807861328,True,d3e4,506,17096,0.024933576583862305,True
50,r1bqkb1r/pppp1p1p/2n2np1/4p3/2B1P3/3P1N2/PPP2PPP/RNBQKR2 b Qkq - 1 5,f8g7,48,198562,0.13967299461364746,True,d7d5,57,136447,0.1478888988494873,True
51,r1bq1b1r/pppp1k1p/2n2np1/4p3/4P3/2NP1N2/PPP2PPP/R1BQK2R b KQ - 1 6,d7d6,368,172396,0.10426163673400879,True,d7d6,385,57217,0.08659839630126953,True
52,r1bq1b1r/pppp1k1p/2n2np1/4p3/4P3/3P1N2/PPP2PPP/RNBQK2R w KQ - 0 6,e1g1,-345,149334,0.08680391311645508,True,d3d4,-367,47923,0.05664229393005371,True
53,r1bqk2r/pppp1ppp/2n2n2/2b1p3/2B1P3/3P1N2/PPP2PPP/RNBQ1RK1 b kq - 0 5,a7a6,-19,162664,0.11766171455383301,True,d7d6,-13,59322,0.06472945213317871,True
54,1rbqk2r/pppp1ppp/2n2n2/2b1p3/2B1P3/3P1N2/PPP2PPP/RNBQ1RK1 w k - 1 6,c2c3,40,235849,0.18678665161132812,True,c2c3,55,151996,0.1880784034729004,True
55,r1bqk2r/pppp1ppp/2n5/2b1p3/2B1P3/5N2/PPP2PPP/RNBQ1RK1 b kq - 0 6,d7d6,-510,204511,0.11421680450439453,True,d7d6,-485,37424,0.049631595611572266,True
56,r1bqk2r/pppp1ppp/2n2n2/4p3/2B1P3/3P1N2/PPP2KPP/RNBQ1R2 b kq - 0 6,d7d5,-462,712095,0.47571492195129395,True,d7d5,-488,72915,0.07639813423156738,True
57,r1bqk2r/p1pp1ppp/1pn2n2/2b1p3/2B1P3/3P1N2/PPP2PPP/RNBQ1RK1 w kq - 0 6,c2c3,132,92975,0.05350017547607422,True,c2c3,95,200723,0.29116034507751465,True
58,r1bqk2r/pppp1ppp/2n5/2b1p3/2B1n3/3P1N2/PPP2PPP/RNBQ1RK1 w kq - 0 6,d3e4,517,306822,0.18208694458007812,True,d3e4,503,11579,0.016582012176513672,True
59,r1bqk2r/pppp1ppp/2n2n2/4p3/2B1P3/3PbN2/PPP2PPP/RNBQ1RK1 w kq - 1 6,f2e3,558,475708,0.2682943344116211,True,c1e3,569,16636,0.016561031341552734,True
60,r2qkb1r/ppp2ppp/2n2n2/3pp1b1/2B1P3/3P1N2/PPP2PPP/RNBQK2R w KQkq - 0 6,c4d5,162,261550,0.16599035263061523,True,c4d5,155,80386,0.09077000617980957,True
61,1r1qkb1r/ppp2ppp/2n2n2/3pp1N1/4P3/1B1P4/PPP2PPP/RNBQK2R b KQk - 0 7,h7h6,-478,118535,0.08423805236816406,True,h7h6,-485,18597,0.01695084571838379,True
62,r2qkb1r/ppp2ppp/2n2n2/3Bp1b1/4P3/3P1N2/PPP2PPP/RNBQK2R b KQkq - 0 6,f6d5,-173,196820,0.12089180946350098,True,f6d5,-149,65632,0.07652139663696289,True
63,r2qkb1r/ppp2ppp/2n2n2/3pp1N1/2B1P3/3P4/PPP2PPP/RNBQK2R b KQkq - 0 6,d5c4,46,303982,0.18332839012145996,True,d5c4,28,218766,0.26572370529174805,True
64,r2qkb1r/ppp2ppp/2n2n2/3Pp1b1/2B5/3P1N2/PPP2PPP/RNBQK2R b KQkq - 0 6,g5c1,-54,248640,0.16642451286315918,True,g5c1,-66,35765,0.06709933280944824,True
65,r2qkb1r/ppp2ppp/2n2n2/4p1b1/2p1P3/3PBN2/PPP2PPP/RN1QKR2 b Qkq - 1 7,g5e3,641,417623,0.25980353355407715,True,g5e3,562,74574,0.09980940818786621,True
66,r2qkb1r/ppp2ppp/2n2n2/3pp1B1/2B1P3/3P1N2/PPP2PPP/RN1QK2R b KQkq - 0 6,d5c4,-44,179541,0.12514305114746094,True,d5c4,-29,83713,0.08183050155639648,True
67,r3kb1r/ppp2ppp/2nq1n2/3pN1B1/2B1P3/3P4/PPP2PPP/RN1QK2R b KQkq - 0 7,c6e5,-152,445061,0.299818754196167,True,d6e5,-166,80123,0.10641145706176758,True
68,r2qkb1r/ppp2ppp/2n2n2/3pp1b1/2B1P2N/3P4/PPP2PPP/RNBQK2R b KQkq - 1 6,g5c1,422,220114,0.1251511573791504,True,g5h4,375,24734,0.025569915771484375,True
69,r1bqkb1r/pppp1ppp/2n2n2/4p3/2B1P3/3P1N2/PPP2PPP/RNBQK2R b KQkq - 0 4,f8c5,-5,153530,0.13971352577209473,True,f8c5,-15,155628,0.17391395568847656,True
70,r1bqkb1r/pppp1ppp/2n5/4N3/2B1n3/3P4/PPP2PPP/RNBQK2R b KQkq - 0 5,c6e5,407,503732,0.3541250228881836,True,c6e5,333,43037,0.0415501594543457,True
71,r1bqkb1r/pppp1ppp/8/n3p3/2B1P3/5N2/PPP2PPP/RNBQK2R w KQkq - 1 6,c4f7,714,437074,0.2845728397369385,True,c4f7,549,203020,0.1999528408050537,True
72,r1bqk2r/pppp1ppp/2n2n2/2b1p3/2B1P3/3P1N2/PPP2PPP/RNBQK2R w KQkq - 1 5,c2c3,18,160355,0.11882877349853516,True,c2c3,17,181517,0.20038175582885742,True
73,r1bqkb1r/pppp1ppp/2n5/4p3/2B1n3/3P1N2/PPP2PPP/RNBQK2R w KQkq - 0 5,d3e4,517,190728,0.1475543975830078,True,d3e4,504,65669,0.0835261344909668,True
74,r1bqkb1r/1ppp1ppp/2n5/p3p3/2B1P3/5N2/PPP2PPP/RNBQK2R w KQkq - 0 6,f3g5,524,382994,0.2380836009979248,True,f3g5,527,33963,0.06756067276000977,True
75,r1bqk2r/pppp1ppp/2n2n2/4N3/1bB1P3/3P4/PPP2PPP/RNBQK2R w KQkq - 1 6,c2c3,69,52926,0.041002511978149414,True,c2c3,35,50102,0.06647682189941406,True
76,r2qkb1r/ppp2ppp/2n2n2/3pp1b1/2B1P3/3P1N2/PPP2PPP/RNBQK2R b KQkq - 0 6,g5c1,375,198707,0.11062741279602051,True,g5c1,336,30128,0.0278472900390625,True
77,r2qkb1r/ppp2ppp/2n2n2/4p1B1/2B1p3/3P1N2/PPP2PPP/RN1QK2R b KQkq - 0 7,e4f3,-5,148116,0.09816312789916992,True,e4f3,-2,91824,0.10505843162536621,True
78,r2qkb1r/ppp2ppp/2n2n2/3pp3/2B1P3/3P1N2/PPPb1PPP/RNBQK2R w KQkq - 1 7,b1d2,238,148982,0.11223888397216797,True,b1d2,210,93079,0.1502385139465332,True
79,r2qkb1r/ppp2ppp/2n2n2/4p1b1/2p1P3/3P1N2/PPP2PPP/RNBQK2R w KQkq - 0 7,c1g5,-42,189903,0.14163613319396973,True,c1g5,-32,152295,0.17760467529296875,True
80,r2q1b1r/pppk1ppp/5n2/3pn1b1/2B1P3/3P4/PPP2PPP/RNBQK2R w KQ - 0 8,c1g5,-131,523167,0.33969688415527344,True,c1g5,-149,123955,0.13869547843933105,True
81,r2qk2r/ppp2ppp/2n2n2/3pp1b1/1bB1P3/3P1N2/PPP2PPP/RNBQK2R w KQkq - 1 7,c2c3,-279,123416,0.08980369567871094,True,c2c3,-225,49980,0.057852983474731445,True
82,r2qkb1r/ppp2ppp/2n2n2/4p1b1/2B1p3/3P1N2/PPP2PPP/RNBQK2R w KQkq - 0 7,f3g5,497,494453,0.2754082679748535,True,f3g5,471,28359,0.02454352378845215,True
83,r2qkb1r/ppp2ppp/2n2n2/4p3/2p1P3/3P1N2/PPPQ1PPP/RNb1K2R w KQkq - 0 8,d2d1,-645,307612,0.1654186248779297,True,d2c1,-597,18800,0.018671274185180664,True
84,r2qkb1r/ppp2ppp/2n5/3pp1b1/2B1n3/1P1P1N2/P1P2PPP/RNBQK2R b KQkq - 0 7,f8b4,449,296430,0.19303321838378906,True,f8b4,300,49656,0.05836367607116699,True
85,r2qkb1r/ppp2ppp/5n2/3pn3/2B1P3/3P4/PPP2PPP/RNbQK2R w KQkq - 0 8,c4b5,-595,215797,0.12866687774658203,True,c4b5,-623,21425,0.010878324508666992,True
86,8/2p5/3p4/KP5r/1R3p1k/8/4P1P1/8 w - - 0 1,b4f4,53,394846,0.27844834327697754,True,b4f4,8,640464,0.5497152805328369,True
87,8/2p5/3p4/KP5r/1R3pPk/8/4P3/8 b - - 0 1,h4g4,12,214375,0.12626409530639648,True,h4g4,6,135513,0.1335616111755371,True
88,8/2p5/3p4/KP5r/1R3p1k/6P1/4P3/8 b - - 0 1,h4g3,189,197531,0.1256566047668457,True,h4g3,131,110516,0.11453866958618164,True
89,8/2p5/K2p4/1P5r/1R3p1k/8/4P1P1/8 b - - 1 1,h4g3,0,120346,0.06663274765014648,True,h4g3,6,65352,0.07410001754760742,True
90,8/8/3p4/KPp4r/5p1k/8/4P1P1/1R6 w - - 0 2,b1h1,579,39688,0.0184326171875,True,b1h1,584,80890,0.04980778694152832,True
91,8/2p5/3p4/KP4kr/5R2/8/4P1P1/8 w - - 1 2,f4f7,476,77771,0.05215954780578613,True,f4f7,391,82762,0.08373117446899414,True
92,8/2p5/3p4/KP5r/1R3p2/6k1/4P3/8 w - - 0 2,b4b3,-217,276464,0.19986414909362793,True,a5a6,-173,247863,0.25038981437683105,True
93,8/8/3p4/KPp4r/5p1k/1R6/4P1P1/8 w - - 0 2,b3h3,578,58973,0.024474382400512695,True,b3h3,656,118013,0.08449339866638184,True
94,8/8/2k5/5p2/2K3p1/8/3P4/8 w - - 0 1,c4d4,-715,80511,0.03545808792114258,True,c4d4,-511,52028,0.033095359802246094,True
95,8/8/8/3k1p2/6p1/1K6/3P4/8 w - - 2 2,b3c3,-872,73035,0.04134869575500488,True,b3b4,-1070,137982,0.05619978904724121,True
96,8/8/2k5/5p2/3K2p1/8/3P4/8 b - - 1 1,g4g3,746,31427,0.022827625274658203,True,c6d6,518,191164,0.0907583236694336,True
97,8/8/2k5/5p2/6p1/2K5/3P4/8 b - - 1 1,g4g3,776,15458,0.01758551597595215,True,c6d5,715,37145,0.03519797325134277,True
98,8/1k6/8/5p2/6p1/1K6/3P4/8 w - - 2 2,b3c2,-781,42725,0.022365570068359375,True,b3c4,-528,126910,0.05023956298828125,True
99,8/8/2k5/5p2/6p1/1K6/3P4/8 b - - 1 1,g4g3,774,24756,0.010850906372070312,True,c6d5,978,175172,0.07950472831726074,True
100,8/8/1p1k4/3p4/3P4/1P1K4/8/8 w - - 0 1,d3e3,0,7383,0.0,True,d3e3,0,12061,0.008275508880615234,True
101,8/8/1p2k3/3p4/1P1P4/3K4/8/8 w - - 1 2,d3d2,-726,21887,0.009620904922485352,True,d3d2,-743,134153,0.052091121673583984,True
102,8/8/1p1k4/3p4/3P4/1P6/4K3/8 b - - 1 1,d6e6,0,3427,0.0,True,d6e6,0,7375,0.003354787826538086,True
103,8/2k5/1p6/3p4/3P4/1P6/2K5/8 w - - 2 2,c2c3,488,37403,0.018257617950439453,True,c2c3,545,78595,0.0395658016204834,True
104,8/8/1p1k4/3p4/3P4/1P2K3/8/8 b - - 1 1,d6e6,0,3332,0.00790858268737793,True,d6e7,0,13415,0.008772850036621094,True
105,8/4k3/1p6/3p4/1P1P4/3K4/8/8 w - - 1 2,d3e3,0,5048,0.002192974090576172,True,d3e3,0,4187,0.00518798828125,True
106,8/8/1p1k4/3p4/3P4/1P6/3K4/8 b - - 1 1,d6e6,0,5413,0.00890493392944336,True,d6e6,0,37859,0.0277557373046875,True
107,8/3k4/1p6/3p4/3P4/1P2K3/8/8 w - - 2 2,e3f4,750,27428,0.016937971115112305,True,e3f4,535,100998,0.05030369758605957,True
108,8/8/8/4k3/4P3/4K3/8/8 w - - 0 1,e3f3,11,10517,0.0038704872131347656,True,e3d3,22,22984,0.016749143600463867,True
109,8/8/8/4k3/4P3/5K2/8/8 b - - 1 1,e5e6,-5,15147,0.020236730575561523,True,e5f6,-19,30033,0.012245416641235352,True
110,8/8/8/4k3/4P3/8/5K2/8 b - - 1 1,e5e4,0,7206,0.009008407592773438,True,e5e4,0,48382,0.03396868705749512,True
111,8/8/8/4k3/4P3/8/4K3/8 b - - 1 1,e5e4,0,5369,0.0,True,e5e4,0,32162,0.01790595054626465,True
112,8/8/8/4k3/4P3/3K4/8/8 b - - 1 1,e5e6,-21,28871,0.013970375061035156,True,e5d6,-17,41439,0.016506433486938477,True
113,8/8/8/8/4Pk2/8/4K3/8 w - - 2 2,e2d3,12,11319,0.01536250114440918,True,e2d3,5,62308,0.03328561782836914,True
114,8/8/8/3k4/3P4/3K4/8/8 b - - 0 1,d5c6,0,29656,0.02456808090209961,True,d5d6,-12,44786,0.01409912109375,True
115,8/8/3k4/8/3P4/8/4K3/8 b - - 2 2,d6e6,0,5997,0.005388736724853516,True,d6e6,-18,37414,0.01580500602722168,True
116,8/8/2k5/8/3P4/3K4/8/8 w - - 1 2,d3e4,9,10385,0.0,True,d3e4,0,97556,0.02321171760559082,True
117,8/8/4k3/8/3P4/3K4/8/8 w - - 1 2,d3c4,0,14428,0.0063457489013671875,True,d3e4,0,117465,0.03729581832885742,True
118,8/8/3k4/8/3P4/3K4/8/8 w - - 1 2,d3c4,0,24856,0.0,True,d3e4,0,77188,0.026094436645507812,True
119,8/8/3k4/3P4/8/3K4/8/8 b - - 0 2,d6d5,0,7216,0.008121013641357422,True,d6d5,0,22457,0.013602972030639648,True
120,8/8/3k4/8/3P4/8/3K4/8 b - - 2 2,d6e6,0,18967,0.003500223159790039,True,d6c7,-17,48731,0.017285823822021484,True
121,8/8/8/2k5/2P5/2K5/8/8 w - - 0 1,c3b3,0,8198,0.0,True,c3d3,0,57722,0.008931875228881836,True
122,8/8/3k4/8/2P5/8/2K5/8 w - - 2 2,c2b3,0,21619,0.0066683292388916016,True,c2d2,15,38116,0.023732662200927734,True
123,8/8/8/2k5/2P5/8/1K6/8 b - - 1 1,c5b4,0,7115,0.0,True,c5c4,0,56624,0.012210845947265625,True
124,8/8/3k4/8/2P5/3K4/8/8 w - - 2 2,d3d4,13,21348,0.007959604263305664,True,d3d4,1,56742,0.019962310791015625,True
125,8/8/8/2k5/2P5/8/2K5/8 b - - 1 1,c5c4,0,5157,0.0040204524993896484,True,c5c4,0,21511,0.010335922241210938,True
126,8/8/2k5/8/2P5/8/2K5/8 w - - 2 2,c2c3,16,18978,0.008936643600463867,True,c2b3,18,26796,0.014667987823486328,True
127,8/8/1k6/8/2P5/3K4/8/8 w - - 2 2,d3d4,12,15084,0.00492095947265625,True,d3d4,0,69738,0.0253603458404541,True
128,8/8/8/8/8/3k4/3p4/3K3R w - - 0 1,h1h2,804,88709,0.03229784965515137,True,h1g1,506,50760,0.01448965072631836,True
129,8/8/8/8/8/3k4/3p3R/3K4 b - - 1 1,d3e4,-799,62566,0.024143218994140625,True,d3e4,-518,28669,0.01098012924194336,True
130,8/7R/8/8/8/3k4/3p4/3K4 b - - 1 1,d3e3,-794,48564,0.021753787994384766,True,d3e4,-545,48324,0.02093672752380371,True
131,8/8/8/8/2k5/8/3p4/3KR3 w - - 2 2,d1d2,788,68999,0.02572464942932129,True,e1e2,507,42197,0.00540924072265625,True
132,8/8/8/8/8/3k4/3p4/3K1R2 b - - 1 1,d3e3,-809,47873,0.015720367431640625,True,d3c4,-515,50319,0.02239823341369629,True
133,8/8/7R/8/8/3k4/3p4/3K4 b - - 1 1,d3e3,-805,91898,0.03535914421081543,True,d3e3,-523,34429,0.012192010879516602,True
134,8/8/8/8/3k4/8/3p3R/3K4 w - - 2 2,h2d2,795,105130,0.025315284729003906,True,h2e2,510,53727,0.020598173141479492,True
135,7R/8/8/8/8/3k4/3p4/3K4 b - - 1 1,d3d4,-815,78962,0.03601980209350586,True,d3e3,-502,39516,0.015099048614501953,True
136,8/8/8/8/8/3K4/3P4/3k3r b - - 0 1,h1h3,811,90785,0.03484535217285156,True,h1h3,494,49369,0.02625107765197754,True
137,8/8/8/8/8/8/3PK3/2k4r b - - 2 2,h1h2,805,50348,0.01691412925720215,True,h1h3,485,38305,0.016438007354736328,True
138,8/8/8/7r/8/3K4/3P4/3k4 w - - 1 2,d3c3,-825,79952,0.050238609313964844,True,d3c3,-465,72811,0.025925636291503906,True
139,7r/8/8/8/8/3K4/3P4/3k4 w - - 1 2,d3e3,-829,84502,0.031110048294067383,True,d3d4,-449,115655,0.03540515899658203,True
140,8/8/8/8/3K4/8/3P4/2k4r b - - 2 2,c1d2,811,75636,0.024632930755615234,True,c1d2,460,61114,0.029155969619750977,True
141,8/8/8/8/7r/2K5/3P4/3k4 b - - 2 2,h4h3,810,51013,0.02765345573425293,True,h4h3,480,43400,0.00917816162109375,True
142,8/8/8/8/8/2K5/3P4/4k2r b - - 2 2,h1h3,818,93775,0.02958202362060547,True,e1e2,466,43087,0.027063608169555664,True
143,8/8/8/3k4/3n4/3K4/3B4/8 w - - 0 1,d2c1,0,9335,0.0064544677734375,True,d2f4,0,188649,0.1797776222229004,True
144,8/8/8/3k2B1/8/3K1n2/8/8 w - - 2 2,g5c1,0,12756,0.0010063648223876953,True,g5f6,-1,189519,0.18235349655151367,True
145,8/8/8/3k4/3n4/3K4/8/2B5 b - - 1 1,d4c2,0,8613,0.004183530807495117,True,d4f3,3,201756,0.2611668109893799,True
146,8/8/7B/3k4/3n4/3K4/8/8 b - - 1 1,d4c2,0,8494,0.0,True,d4e6,0,121012,0.12626934051513672,True
147,8/8/3k4/8/3n4/4K3/3B4/8 w - - 2 2,e3d4,0,8920,0.004237651824951172,True,e3d4,28,78842,0.07005095481872559,True
148,8/8/4k3/8/1B1n4/3K4/8/8 w - - 2 2,d3d4,0,9307,0.01057291030883789,True,d3d4,0,113811,0.13239574432373047,True
149,8/8/8/8/3nk3/2K5/3B4/8 w - - 2 2,d2c1,0,9128,0.009245872497558594,True,c3c4,-3,237064,0.2508833408355713,True
150,8/8/8/B2k4/3n4/3K4/8/8 b - - 1 1,d4c2,0,8139,0.0,True,d4f3,1,262623,0.28343892097473145,True
151,8/8/8/3K4/3N4/3k4/3b4/8 b - - 0 1,d2c1,0,9335,0.0041027069091796875,True,d2e1,1,277965,0.2721998691558838,True
152,8/8/8/3K4/3N4/2bk4/8/8 w - - 1 2,d4c2,0,8605,0.012444257736206055,True,d4c6,0,144050,0.1317589282989502,True
153,8/8/2N5/3K2b1/8/3k4/8/8 b - - 2 2,g5c1,0,10711,0.016932964324951172,True,g5c1,-1,261796,0.28386902809143066,True
154,8/8/8/3K4/3N4/3kb3/8/8 w - - 1 2,d4c2,0,9387,0.010762453079223633,True,d4c6,1,200296,0.2835514545440674,True
155,8/8/8/1N1K4/1b6/3k4/8/8 b - - 2 2,b4e1,0,11863,0.01466059684753418,True,b4e1,0,182647,0.1833648681640625,True
156,8/8/8/3K4/8/3kbN2/8/8 b - - 2 2,e3c1,0,12207,0.0,True,e3f4,2,260212,0.31513524055480957,True
157,8/8/8/b2K4/3N4/3k4/8/8 w - - 1 2,d4c2,0,8139,0.005081653594970703,True,d4f5,0,184477,0.23323535919189453,True
158,8/8/8/3K4/1b1N4/3k4/8/8 w - - 1 2,d4c2,0,9041,0.014548540115356445,True,d4f3,1,199752,0.24113750457763672,True
159,r1bqkb1r/ppp2ppp/2n2n2/3pp3/3PP3/2N2N2/PPP2PPP/R1BQKB1R w KQkq - 0 5,f3e5,104,359077,0.27038025856018066,True,f3e5,91,92578,0.13309788703918457,True
160,r1bqk2r/ppp2ppp/2n2n2/2bpp3/3PP3/2N2NP1/PPP2P1P/R1BQKB1R w KQkq - 1 6,d4c5,266,175587,0.15283751487731934,True,d4c5,282,67889,0.08855223655700684,True
161,r1bqkb1r/ppp2ppp/2n2n2/3pp1B1/3PP3/2N2N2/PPP2PPP/R2QKB1R b KQkq - 1 5,e5d4,-72,301117,0.23356318473815918,True,e5d4,-65,124225,0.1365041732788086,True
162,r1bqkb1r/ppp2ppp/2n2n2/3pp3/3PP3/5N2/PPP1NPPP/R1BQKB1R b KQkq - 1 5,d5e4,196,158700,0.09986424446105957,True,f6e4,158,45533,0.08594107627868652,True
163,r1bqkb1r/ppp2ppp/5n2/3pp3/1n1PP3/1PN2N2/P1P2PPP/R1BQKB1R w KQkq - 1 6,f3e5,8,257713,0.16738557815551758,True,d4e5,27,235182,0.29059314727783203,True
164,r1bqkb1r/ppp2ppp/2n2n2/1B1pp3/3PP3/2N2N2/PPP2PPP/R1BQK2R b KQkq - 1 5,f8b4,-66,169054,0.10742712020874023,True,f8b4,-68,102415,0.11834025382995605,True
165,r2qkb1r/pppb1ppp/2n2n2/3pp3/3PP3/5N2/PPP1NPPP/R1BQKB1R w KQkq - 2 6,e4d5,27,233124,0.14761781692504883,True,e4d5,31,208764,0.2312479019165039,True
166,r2qkb1r/pppb1ppp/2n2n2/4P3/4p3/2N2N2/PPP2PPP/R1B1KB1R w KQkq - 0 7,f3g5,-545,877122,0.4247093200683594,True,e5f6,-572,23378,0.015585660934448242,True
167,r1bqk2r/ppp2ppp/2n2n2/3pp3/3PP2P/b1N2N2/PPP2PP1/R1BQKB1R w KQkq - 1 6,b2a3,377,426951,0.22341370582580566,True,b2a3,335,35011,0.04705500602722168,True
168,r1bqkb1r/ppp2ppp/2n2n2/3pp3/3PP3/2N2N1P/PPP2PP1/R1BQKB1R b KQkq - 0 5,f6e4,64,215714,0.13323235511779785,True,f6e4,87,28950,0.026367664337158203,True
169,r1b1kb1r/ppp2ppp/2n2n2/3qp3/3P4/2N2N2/PPP2PPP/R1BQKB1R w KQkq - 0 6,c3d5,511,809255,0.42557263374328613,True,c3d5,541,21239,0.015543699264526367,True
170,r1bqk2r/ppp2p1N/2n2n2/2bpp1p1/3PP3/2N5/PPP2PPP/R1BQKB1R w KQkq - 0 7,h7f6,502,325734,0.17585253715515137,True,h7f6,438,31521,0.03153204917907715,True
171,r1bqk2r/ppp2ppp/2n2n2/3Pp3/1b1P4/2N2N2/PPPQ1PPP/R1B1KB1R b KQkq - 0 6,e5d4,58,478907,0.3030126094818115,True,e5d4,28,134081,0.1781618595123291,True
172,r1bqkbr1/1pp2ppp/2n2n2/pB1pp3/3PP3/2N5/PPP2PPP/R1BQK1NR w KQq - 0 7,g1f3,177,132170,0.0714111328125,True,g1f3,194,72194,0.07633566856384277,True
173,r1bqkbnr/ppp2ppp/2n5/3pp1B1/3PP3/2N5/PPP2PPP/R2QKBNR b KQkq - 3 6,d8g5,344,231205,0.13328194618225098,True,d8g5,320,35345,0.05278754234313965,True
174,r1bq1rk1/ppp1bppp/2n2n2/3p4/3P4/2N1PN2/PPP1BPPP/R1BQ1RK1 w - - 0 7,a2a3,159,387494,0.24976587295532227,True,b2b3,171,59981,0.059252262115478516,True
175,r1bq1rk1/ppp2ppp/2n2n2/3p2N1/3P4/b1N1P3/PPP1BPPP/R1BQ1RK1 w - - 2 8,b2a3,520,272401,0.1407320499420166,True,b2a3,495,23910,0.020697593688964844,True
176,r1bq1rk1/ppp1bppp/2n2n2/3p2N1/3P4/2N1P3/PPP1BPPP/R1BQ1RK1 b - - 1 7,f8e8,-102,227080,0.1331331729888916,True,a7a6,-105,101205,0.10933947563171387,True
177,r1q2rk1/ppp1bppp/2n2n2/3pNb2/3P4/2N1PP2/PPP1B1PP/R1BQ1RK1 w - - 1 9,c1d2,162,211491,0.13347363471984863,True,g2g4,183,82161,0.0828084945678711,True
178,r1bq1rk1/ppp1bppp/2n2n2/3p4/3P4/2N1PNP1/PPP1BP1P/R1BQ1RK1 b - - 0 7,f8e8,-90,250589,0.16131091117858887,True,f8e8,-88,156182,0.16466856002807617,True
179,r1b2rk1/ppp1bppp/2nq1n2/3p4/3P4/2N1PN2/PPP1BPPP/R1BQ1RK1 b - - 3 8,c8e6,-133,272393,0.19968557357788086,True,c8f5,-138,96173,0.1157066822052002,True
180,r1bq1rk1/1pp1bpp1/p1n2n2/3p2Np/3P4/2N1P2P/PPP1BPP1/R1BQ1RK1 w - - 0 9,e2d3,172,155772,0.10007643699645996,True,a2a3,194,38908,0.032921552658081055,True
181,r1bq1rk1/ppp1bppp/2n5/3p4/3Pn3/4PN2/PPP1BPPP/R1BQ1RK1 w - - 0 8,c2c4,-398,76349,0.03351187705993652,True,c2c4,-424,19484,0.009313106536865234,True
182,r1bq1rk1/ppp1bppp/B4n2/n2p4/3P4/2N1PN2/PPP2PPP/R1BQ1RK1 w - - 2 8,a6d3,159,115617,0.0658102035522461,True,a6d3,163,81282,0.08376836776733398,True
183,r1bq1rk1/pp2bppp/5n2/n1pp4/1P1P3N/2N1P3/P1P1BPPP/R1BQ1RK1 w - - 0 9,b4a5,283,53780,0.0384366512298584,True,b4a5,347,31146,0.0303955078125,True
184,r1b1qrk1/ppp1bppp/2n2n2/3p4/3P2P1/2NQPN2/PPP1BP1P/R1B2RK1 b - - 0 8,c8g4,137,291918,0.1794569492340088,True,c8g4,117,158820,0.16677641868591309,True
185,r1bq1rk1/ppp1bppp/B1n2n2/3p4/3P4/2N1PN2/PPP2PPP/R1BQ1RK1 b - - 1 7,b7a6,469,304298,0.1500849723815918,True,b7a6,421,62287,0.06407499313354492,True
186,r2q1rk1/pppbbppp/2n2n2/3p4/3P4/2NBPN2/PPP2PPP/R1BQ1RK1 w - - 2 8,e3e4,190,140612,0.1037282943725586,True,h2h3,165,80069,0.08294439315795898,True
187,r2q1rk1/ppp1bppp/2n1bn2/3p4/3P4/2N1P3/PPPNBPPP/R1BQR1K1 b - - 3 8,a7a6,-123,179177,0.1172785758972168,True,e6f5,-132,85382,0.10918211936950684,True
188,rq3rk1/pppbbppp/2n2n2/3p4/2PP4/4PN2/PP2BPPP/RNBQ1RK1 w - - 1 9,c4d5,300,190182,0.10242986679077148,True,c4d5,273,36059,0.0328519344329834,True
189,r1bqkb1r/pp3ppp/2n2n2/2ppp3/3PP3/2N2N2/PPP2PPP/R1BQKB1R w KQkq - 0 6,d4e5,105,252175,0.17416763305664062,True,d4e5,100,32849,0.05128359794616699,True
190,r1bqkb1r/p4ppp/1pn2n2/2ppp3/3PP3/5N2/PPP1NPPP/R1BQKB1R w KQkq - 0 7,f3e5,161,226843,0.16712117195129395,True,f3e5,185,67610,0.07451748847961426,True
191,r1bqkb1r/pp3ppp/2n2n2/2ppp3/3PP3/2N5/PPPN1PPP/1RBQKB1R w Kkq - 4 8,d4e5,134,365048,0.20755672454833984,True,d4e5,108,68616,0.07583737373352051,True
192,r1b1kb1r/pp3ppp/2nq1n2/2ppp3/3PP3/2N2N2/PPP1KPPP/R1BQ1B1R w kq - 2 7,d4e5,-20,229307,0.15013360977172852,True,d4e5,-33,432229,0.43793559074401855,True
193,r1bqkb1r/pp3ppp/2n2n2/2ppp3/3PP3/2N5/PPPN1PPP/R1BQKB1R b KQkq - 1 6,c5d4,256,87093,0.05933260917663574,True,c5d4,243,24290,0.040403127670288086,True
194,r2qkb1r/pp3ppp/2n1bn2/2ppp3/3PP3/2N2N2/PPPB1PPP/R2QKB1R w KQkq - 2 7,e4d5,41,215424,0.13619208335876465,True,e4d5,59,88063,0.09427618980407715,True
195,r1bqkb1r/pp3ppp/5n2/P1ppp3/1n1PP3/2N2N2/1PP2PPP/R1BQKB1R b KQkq - 0 7,e5d4,97,200978,0.14013671875,True,c5d4,119,168546,0.1726393699645996,True
196,r1bqkb1r/pp3ppp/2n2n2/2Ppp3/4P3/2N2N2/PPP2PPP/R1BQKB1R b KQkq - 0 6,d5d4,102,74713,0.03631019592285156,True,d5d4,73,167482,0.1829521656036377,True
197,r1b1kb1r/pp3ppp/2n2n2/qBppp3/3PPB2/2N2N2/PPP2PPP/R2QK2R b KQkq - 3 7,c5d4,409,581447,0.30766725540161133,True,c5d4,352,42078,0.03718233108520508,True
198,r1b1kb1r/pp3ppp/1qn2n2/1Nppp3/3PP3/5N2/PPPK1PPP/R1BQ1B1R b kq - 3 7,f6e4,611,1092859,0.6334891319274902,True,f6e4,494,54169,0.04723000526428223,True
199,r1bqkb1r/pp3ppp/2n2n2/2pNp3/3PP3/5N2/PPP2PPP/R1BQKB1R b KQkq - 0 6,c5d4,17,276674,0.17420339584350586,True,c5d4,18,48679,0.04268908500671387,True
200,r1bqkb1r/pp3ppp/5n2/2ppp3/1n1PP1P1/2N2N2/PPP2P1P/R1BQKB1R w KQkq - 1 7,f1b5,22,248865,0.1499042510986328,True,f1b5,18,138411,0.17446374893188477,True
201,r1bqkb1r/pp3ppp/2n2n2/2ppp3/3PP3/2NQ1N2/PPP2PPP/R1B1KB1R b KQkq - 1 6,c5d4,287,153267,0.09367966651916504,True,c5d4,253,90195,0.10018754005432129,True
202,r1bqkb1r/pp3ppp/2n2n2/2ppp3/3PP3/2N2N2/PPPB1PPP/R2QKB1R b KQkq - 1 6,c5d4,279,161153,0.0989224910736084,True,c5d4,300,35098,0.03253436088562012,True
203,r1bqkb1r/1p3ppp/2n2n2/p1ppp3/3PP3/5N2/PPP2PPP/RNBQKB1R w KQkq - 0 7,d4e5,-31,173507,0.09993267059326172,True,d4e5,-40,299260,0.32173776626586914,True
204,r1bqkb1r/pp3ppp/2n2n2/2pPp3/3P4/2N2N2/PPP2PPP/R1BQKB1R b KQkq - 0 6,c6d4,-17,322695,0.21721887588500977,True,c6d4,12,231221,0.2497868537902832,True
205,r1bq1rk1/pp2bppp/2n2n2/2ppp3/3PP3/2N1BN2/PPP2PPP/R1BQ1RK1 w - - 0 8,d4e5,53,258106,0.14971494674682617,True,d4e5,179,59040,0.06194877624511719,True
206,r1bq1rk1/pp2bppp/5n2/2ppp1B1/1n1PP3/2N2NP1/PPP2P1P/R1BQ1RK1 b - - 0 9,c5d4,361,325432,0.1665339469909668,True,c5d4,294,42641,0.04669761657714844,True
207,r1bq1rk1/pp2bppp/2n2n2/2ppN3/3PP3/2N1B3/PPP2PPP/R1BQ1RK1 b - - 0 8,c6d4,-17,146406,0.08178901672363281,True,c6d4,-8,215667,0.21694040298461914,True
208,r1bq1rk1/1p3ppp/2n2n1B/p1bpp3/4P3/2N2N2/PPP2PPP/R1BQ1RK1 w - - 0 10,e4d5,10,265395,0.15824079513549805,True,e4d5,20,607488,0.6021349430084229,True
209,r1bqr1k1/pp2bppp/2n5/2pNp1N1/3PP1n1/4B3/PPP2PPP/R1BQ1RK1 w - - 1 10,d5e7,171,333540,0.18821501731872559,True,d5e7,200,52940,0.0498051643371582,True
210,r1bq1rk1/pp2bppp/2n2n2/1Nppp3/3PP3/4BN2/PPP2PPP/R1BQ1RK1 b - - 1 8,c5d4,487,147294,0.07893204689025879,True,c5d4,361,29449,0.02377486228942871,True
211,r1b1r1k1/ppq1bppp/2n2n2/2ppp3/1P1PP3/2N1B3/P1P2PPP/R1BQNRK1 w - - 1 10,d4c5,-164,225247,0.1478586196899414,True,d4e5,-151,237345,0.20749568939208984,True
212,r1bq1rk1/pp2bppp/2n2n2/2ppp1B1/3PP3/2N2N2/PPP2PPP/R1BQ1RK1 b - - 1 8,d5e4,162,243809,0.13678789138793945,True,e5d4,120,31734,0.03663516044616699,True
213,r1bq1rk1/p3bppp/2n2n2/1pppp3/3PP3/2N1BN1P/PPP2PP1/R1BQ1RK1 w - - 0 9,d4e5,141,340061,0.1982738971710205,True,d4e5,145,284715,0.3563399314880371,True
214,r1bq1rk1/pp2bppp/2n2n2/2Ppp3/4P3/2N1BN2/PPP2PPP/R1BQ1RK1 b - - 0 8,d5d4,434,131629,0.06550073623657227,True,d5d4,390,54234,0.09431815147399902,True
215,r2q1rk1/pp2bppp/2n2n2/2pppb2/3PP3/2N1BN2/PPPB1PPP/R2QR1K1 b - - 3 9,d5e4,359,262513,0.16892743110656738,True,c5d4,242,48990,0.053334712982177734,True
216,r1b2rk1/pp1qbppp/2n2n2/2ppp3/1P1PP3/2N1BN2/P1P2PPP/R1B1QRK1 b - - 2 9,e5d4,450,328484,0.16721677780151367,True,c5d4,272,13547,0.021317005157470703,True
217,r1bq1rk1/pp2bppp/2n2n2/2ppp3/1P1PP3/2N1BN2/P1P2PPP/R1BQ1RK1 b - - 0 8,c5d4,423,166401,0.09926962852478027,True,e5d4,362,35516,0.034184932708740234,True
218,r1bq1rk1/pp2bppp/2n5/3pp3/3pP1n1/2N1B3/PPPN1P1P/R1BQ1RK1 w - - 0 10,e4d5,-615,762059,0.3677818775177002,True,e4d5,-552,33510,0.03335404396057129,True
219,r1bq1rk1/pp2bp1p/2n2n2/2ppp1p1/3PP3/2NQBN2/PPP2PPP/R1B2RK1 w - - 0 9,d4e5,173,181703,0.10204386711120605,True,d4e5,299,34953,0.0355527400970459,True
220,r1bq1rk1/pp2bppp/2n2n2/2ppp3/3PP3/2NQBN2/PPP2PPP/R1B2RK1 b - - 1 8,e5d4,457,246307,0.127213716506958,True,c5d4,496,43739,0.03883004188537598,True
221,r1bq1rk1/ppp2ppp/2n2n2/2bpp3/2B1P3/3P1N2/PPP2PPP/RNBQK2R w KQ - 0 6,e4d5,-81,261066,0.16353273391723633,True,e4d5,-83,146357,0.16304230690002441,True
222,r1bq1rk1/ppp2ppp/2n5/2bpp2n/2B1P3/2NP1N2/PPP2PPP/R1BQK2R w KQ - 2 7,c3d5,188,444345,0.31352782249450684,True,c3d5,185,119619,0.14635562896728516,True
223,r1bq1rk1/ppp2ppp/2n2n2/2bpp3/2B1P3/1P1P1N2/P1P2PPP/RNBQK2R b KQ - 0 6,d5c4,579,299758,0.18189525604248047,True,d5c4,560,32320,0.03236961364746094,True
224,r1bq1rk1/ppp2pp1/2n2n2/2bpp1Np/2B1P3/3P4/PPP2PPP/RNBQ1RK1 b - - 1 7,d5c4,585,525905,0.28967952728271484,True,d5c4,507,12985,0.013926029205322266,True
225,r1bq1rk1/ppp2ppp/2n2n2/2bpN3/2B1P3/3P4/PPP2PPP/RNBQK2R b KQ - 0 6,c6e5,593,129533,0.0751192569732666,True,c6e5,551,30593,0.031234264373779297,True
226,r1bq1rk1/ppp2ppp/2n2n2/3pp3/2BbP3/P2P1N2/1PP2PPP/RNBQK2R w KQ - 1 7,e4d5,-21,227575,0.15953278541564941,True,e4d5,-18,229426,0.22916650772094727,True
227,r1bq1rk1/ppp2ppp/2n2n2/2bpp3/2B1P3/3P1N1P/PPP2PP1/RNBQK2R b KQ - 0 6,d5c4,670,304040,0.16981816291809082,True,d5c4,574,31443,0.02837347984313965,True
228,r1b2rk1/ppp2ppp/2n2n2/2bqp3/2B5/3P4/PPP2PPP/RNBQK1NR b KQ - 1 7,d5g2,563,332128,0.22497916221618652,True,d5g2,466,18026,0.02063918113708496,True
229,r1bq1rk1/ppp2ppp/B4n2/n1bpp3/4P3/3P1N2/PPP1QPPP/RNB1K2R b KQ - 3 7,b7a6,542,501508,0.31099987030029297,True,b7a6,495,19051,0.02306056022644043,True
230,r1bq1rk1/ppp2ppp/2n2n2/2b1p3/2p1P3/3P4/PPPN1PPP/RNBQK2R w KQ - 0 7,d2c4,-588,258804,0.15258312225341797,True,d2c4,-607,13932,0.016945600509643555,True
231,r2q1rk1/ppp2ppp/B1n2n2/2bpp3/4P3/3P1N1b/PPPB1PPP/RN1QK2R b KQ - 3 7,h3g2,486,787723,0.39550352096557617,True,b7a6,397,14334,0.018299579620361328,True
232,r1bq1rk1/ppp2ppp/2nb1n2/3pp3/2B1P3/3P4/PPPN1PPP/RNBQK2R w KQ - 2 7,e4d5,6,227734,0.14682793617248535,True,e4d5,-9,237808,0.247175931930542,True
233,r2q1rk1/pppb1ppp/2n2n2/2b1p3/2p1P3/3P1N2/PPP1KPPP/RNB3QR w - - 0 8,c1g5,-747,235696,0.1499021053314209,True,c1g5,-655,45708,0.030101776123046875,True
234,r2q1rk1/ppp2ppp/2n2n2/2bppb2/2B1P3/3P1N2/PPPQ1PPP/RNB1K2R w KQ - 2 7,c4d5,-80,176831,0.1208643913269043,True,c4d5,-53,206686,0.21973371505737305,True
235,r1bqr1k1/ppp2ppp/2n2n2/2bpp3/2B1P3/N2P1NP1/PPP2P1P/R1BQK2R b KQ - 2 7,d5c4,634,354422,0.23789381980895996,True,d5c4,575,86603,0.10429906845092773,True
236,rnbq1rk1/ppp2ppp/8/2bpp3/2B1n3/3P3P/PPP2PP1/RNBQK1NR w KQ - 2 8,d3e4,-239,195303,0.1222081184387207,True,d3e4,-234,56515,0.07161808013916016,True
237,r1bqk2r/ppp2ppp/2n2n2/2bpp3/2B1P3/3P1N2/PPP2PPP/RNBQ1RK1 b kq - 0 6,d5c4,543,191902,0.1093759536743164,True,d5c4,525,24249,0.020291805267333984,True
238,r2qk2r/ppp2p1p/2n2np1/2bppb2/2BBP3/3P1N2/PPP2PPP/RN1Q1RK1 b kq - 3 8,c5d4,496,829706,0.43872976303100586,True,c6d4,480,36485,0.04345297813415527,True
239,r1bqk2r/ppp2ppp/2nb1n2/3pp3/2B1P3/3P1N2/PPPQ1PPP/RNB2RK1 b kq - 2 7,d5c4,507,205222,0.09978199005126953,True,d5c4,526,50875,0.0497591495513916,True
240,r1bqk2r/ppp2ppp/1b3n2/3pp3/PnB1P3/3P1N2/1PPN1PPP/R1BQ1RK1 b kq - 0 8,d5c4,225,146643,0.09038782119750977,True,d5c4,284,37161,0.02613210678100586,True
241,r1bqk2r/ppp2ppp/2n5/2bpp3/2B1P1n1/3P1N2/PPP2PPP/RNBQ1RK1 w kq - 1 7,c4d5,209,288284,0.178053617477417,True,c4d5,204,86944,0.10896611213684082,True
242,r1bqk2r/ppp2ppp/1bn2n2/3pp3/2B1P3/1P1P1N2/P1P2PPP/RNBQ1RK1 b kq - 0 7,d5c4,467,175189,0.10067057609558105,True,d5c4,471,45782,0.049279212951660156,True
243,r1bqkb1r/p1p2ppp/2n2n2/1p1pp3/2B1P3/3PBN2/PPP2PPP/RN1Q1R1K b kq - 3 8,b5c4,450,550483,0.28878307342529297,True,b5c4,492,18858,0.017011165618896484,True
244,r1bqk2r/ppp2pp1/2n2n2/2bpp2p/2B1P3/3P1N2/PPP2PPP/RNBQ1RK1 w kq - 0 7,e4d5,127,304431,0.22642898559570312,True,e4d5,111,93381,0.10010027885437012,True
245,r1bqk2r/ppp2pp1/2n2n1p/2bpp3/2B1P3/3P1N2/PPP2PPP/RNBQ1RK1 w kq - 0 7,e4d5,53,265829,0.17652559280395508,True,e4d5,47,221927,0.21592974662780762,True
246,r1bqk2r/ppp1bppp/2n2n2/3pp3/2B1P2N/3P4/PPP2PPP/RNBQ1RK1 b kq - 2 7,d5c4,560,307439,0.15007543563842773,True,d5c4,565,14166,0.014163732528686523,True
247,r2qk2r/p1pb1ppp/2n2n2/1pbpp3/2B1P3/3PBN1P/PPP2PP1/RN1Q1RK1 b kq - 0 8,d5d4,355,254346,0.1685023307800293,True,d5d4,359,109442,0.11587834358215332,True
248,r2qkr2/ppp2ppp/2n2n2/2bpp3/2B1P1b1/3P1NP1/PPP2P1P/RNBQ1RK1 w q - 1 8,e4d5,-68,256932,0.15279412269592285,True,e4d5,-54,316391,0.3160700798034668,True
249,r1bqk2r/pppn1p1p/2n5/2bBp1p1/3NP3/3P4/PPP2PPP/RNBQ1RK1 b kq - 0 8,c5d4,214,235363,0.14970803260803223,True,c6d4,253,125767,0.12894654273986816,True
250,r1bq3r/ppp1kppp/2n2n2/2bpp3/2B1P3/3P1N2/PPP2PPP/RNBQ1RK1 w - - 1 7,e4d5,259,248975,0.1496431827545166,True,e4d5,225,75598,0.08002567291259766,True
251,r1bqk2r/1pp2ppp/p1n2n2/2b1p3/2p1P3/3P1N2/PPPQ1PPP/RNB2RK1 w kq - 0 8,d2g5,-546,235029,0.1211702823638916,True,d3d4,-537,61425,0.0498654842376709,True
252,rn1q1bnr/ppp1pppp/1k6/1B1p4/P2P4/R3P2b/1PP2PPP/1NBQK2R w K - 1 7,g2h3,78,300296,0.17342329025268555,True,g2h3,76,223556,0.24048709869384766,True
253,rnbqk1nr/p1pp1ppp/1p2p3/8/1b1P1P1P/2P5/PP2P1P1/R1BQKBNR b KQkq - 0 5,b4e7,497,172042,0.0902552604675293,True,b4e7,376,91962,0.09834742546081543,True
254,r1bqkb1r/p1pppppp/1p3n2/2n5/8/PP4P1/2PPPPBP/RNBQK1NR w KQkq - 2 5,g2a8,369,580292,0.3137845993041992,True,g2a8,340,83642,0.08388710021972656,True
255,rnbq1bnr/1pppkpp1/pN6/4p2p/8/3P4/PPP1PPPP/R1BQKBNR w KQ - 1 5,b6a8,393,525226,0.2999889850616455,True,b6a8,340,65465,0.05014348030090332,True
256,rnb1k1nr/ppp2ppp/8/3pp1q1/7P/5N2/P1PKPPP1/RNBQ1BR1 w kq - 1 6,h4g5,541,519076,0.25031280517578125,True,f3g5,714,43974,0.026549577713012695,True
257,rnbq1knr/pppp1p2/6p1/4p3/8/3P4/PPPKPPPP/RN1Q1BNR w - - 0 5,d2e1,23,288385,0.20407390594482422,True,d2e1,36,116300,0.10042047500610352,True
258,r2qkbnr/pppnp1pp/5p2/8/6b1/4N3/PPPPPP1P/R1BQKBNR w KQkq - 0 5,e3g4,470,187874,0.10208415985107422,True,e3g4,443,108350,0.10386228561401367,True
259,rnbqk1nr/p1pp1pp1/3b4/1p2p2p/2P5/5BP1/PP1PPP1P/RNBQK1NR w KQkq - 0 5,f3a8,412,1271641,0.6500439643859863,True,f3a8,407,38428,0.024381637573242188,True
260,rnbq1bnr/pp2pkpp/3p4/2p2p2/2P5/3P1P1N/PP2P1PP/RNBQKB1R w KQ - 0 5,e2e3,30,242436,0.14027905464172363,True,e2e3,35,124439,0.14605450630187988,True
261,rnb2qnr/ppppkp1p/4p1p1/8/5P2/1PN3PN/P1PKP2P/R1BQ1B1R w - - 1 8,c1b2,675,293242,0.1693727970123291,True,f1g2,616,47553,0.06064462661743164,True
262,r1bqkbnr/p1pppp1p/8/1p2n1N1/8/PP1P4/2P1PPPP/RNBQKB1R b KQkq - 0 5,f8g7,-165,111127,0.06638956069946289,True,f8g7,-150,109483,0.12324023246765137,True
263,rnbqkb1r/1p1pp2p/2p4n/1p3p2/5p2/P7/2PPPPPP/RNBQKB1R w Qkq - 0 8,c1b2,-522,278708,0.1502530574798584,True,c1b2,-479,33334,0.02397298812866211,True
264,1n1qkbnr/1ppbpppp/r2p4/p4P2/8/P7/1PPPPKPP/RNBQ1BNR b k - 0 5,g8f6,123,274744,0.1500561237335205,True,d7f5,123,101174,0.12101149559020996,True
265,1nbqkbnr/1p1p1ppp/2p1p3/8/rp2P1P1/3P4/1BP2P1P/RN1QKBNR b KQk - 0 6,a4a1,314,185812,0.09964251518249512,True,a4a1,327,49959,0.056774139404296875,True
266,r1bqkb1r/pppppppp/2n5/8/2B1P1P1/8/PPPP3P/RNBQK1NR w KQkq - 3 6,g1f3,314,130509,0.07065749168395996,True,g1f3,330,31560,0.042046546936035156,True
267,r2qkbnr/ppp1ppp1/2npb3/7p/P7/1P1P1N2/2PQPPPP/RNB1KB1R b KQkq - 2 5,e6g4,-6,153349,0.09992480278015137,True,e6g4,8,302916,0.2761344909667969,True
268,rnbqkb1r/pp1p1pp1/4p2n/2p4p/8/P1N2PPB/1PPPP2P/R1BQK1NR b KQkq - 0 5,d7d5,80,166431,0.12348532676696777,True,d7d5,88,127683,0.13075923919677734,True
269,rnbqkbn1/pp1pp3/2p4r/5P1p/8/3PB3/PPP1PP1P/RN1QKBNR w KQq - 2 6,e3h6,454,572938,0.2907092571258545,True,e3d2,408,47586,0.04992341995239258,True
270,rnbqkbnr/1ppp2pp/8/p3p3/5p1P/2N3P1/PPPPPP2/1RBQKBNR w Kkq - 0 5,g3f4,146,203532,0.11014461517333984,True,e2e4,135,225276,0.2657444477081299,True
271,r1bqkbnr/ppp1pppp/3p4/8/P5P1/3P3P/1P1PPP2/RNBQKBNR w KQkq - 0 5,d3d4,470,181054,0.08077335357666016,True,d3d4,451,42112,0.04072761535644531,True
272,r1bqk2r/pppppp1p/2n2n1b/8/3P1p2/N4NP1/PBP1P2P/R2QKB1R w KQkq - 0 8,d4d5,-2,189010,0.10992121696472168,True,d4d5,-71,140505,0.15020394325256348,True
273,rn1qkb1r/1bpppp1p/6pn/p7/7P/1PP5/P2PPPP1/RNB1KBNR b KQkq - 0 5,b7g2,571,291813,0.13741660118103027,True,e7e6,736,60562,0.03305387496948242,True
274,rnbqkbr1/pppp1p1p/5n2/4p1p1/1P4P1/P3P3/2PP1P1P/RNBQKBNR w KQq - 1 8,c1b2,1,248536,0.15993452072143555,True,c1b2,10,357068,0.360065221786499,True
275,rnbqkbnr/2pppppp/8/1p6/4P3/1pNP4/P1P2PPP/R1BQKBNR b KQkq - 0 5,b5b4,253,163536,0.08458590507507324,True,b5b4,221,63612,0.06681632995605469,True
